22
0 5158 5829 6176 2213 3225 2765 8205 3021 6802 7946 2778 3993 5499 1318 4569 4480 6818 2730 1783 8416 3030
5158 0 1113 1460 5457 3633 3513 3489 6265 2086 3230 4232 2595 783 4562 1523 1248 2102 5974 4035 3700 6274
5829 1113 0 1713 6128 4304 4184 3742 6936 2339 3483 4903 3266 1330 5233 2194 1919 2355 6645 4706 3953 6945
6176 1460 1713 0 6475 4651 4531 3481 7283 2078 3222 5250 3613 1677 5580 2541 2266 2094 6992 5053 3692 7292
2213 5457 6128 6475 0 3524 3064 8504 2390 7101 8245 3077 4292 5798 1469 4868 4779 7117 2099 2082 8715 2399
3225 3633 4304 4651 3524 0 1580 6680 4332 5277 6421 2299 2468 3974 2629 3044 2955 5293 4041 2102 6891 4341
2765 3513 4184 4531 3064 1580 0 6560 3872 5157 6301 1839 2348 3854 2169 2924 2835 5173 3581 1642 6771 3881
8205 3489 3742 3481 8504 6680 6560 0 9312 1763 1561 7279 5642 3706 7609 4570 4295 2787 9021 7082 629 9321
3021 6265 6936 7283 2390 4332 3872 9312 0 7909 9053 3885 5100 6606 2277 5676 5587 7925 1985 2890 9523 1645
6802 2086 2339 2078 7101 5277 5157 1763 7909 0 1504 5876 4239 2303 6206 3167 2892 1384 7618 5679 1974 7918
7946 3230 3483 3222 8245 6421 6301 1561 9053 1504 0 7020 5383 3447 7350 4311 4036 2528 8762 6823 1772 9062
2778 4232 4903 5250 3077 2299 1839 7279 3885 5876 7020 0 3067 4573 2182 3643 3554 5892 3594 1655 7490 3894
3993 2595 3266 3613 4292 2468 2348 5642 5100 4239 5383 3067 0 2936 3397 2006 1917 4255 4809 2870 5853 5109
5499 783 1330 1677 5798 3974 3854 3706 6606 2303 3447 4573 2936 0 4903 1864 1589 2319 6315 4376 3917 6615
1318 4562 5233 5580 1469 2629 2169 7609 2277 6206 7350 2182 3397 4903 0 3973 3884 6222 1986 1187 7820 2286
4569 1523 2194 2541 4868 3044 2924 4570 5676 3167 4311 3643 2006 1864 3973 0 845 3183 5385 3446 4781 5685
4480 1248 1919 2266 4779 2955 2835 4295 5587 2892 4036 3554 1917 1589 3884 845 0 2908 5296 3357 4506 5596
6818 2102 2355 2094 7117 5293 5173 2787 7925 1384 2528 5892 4255 2319 6222 3183 2908 0 7634 5695 2998 7934
2730 5974 6645 6992 2099 4041 3581 9021 1985 7618 8762 3594 4809 6315 1986 5385 5296 7634 0 2599 9232 1994
1783 4035 4706 5053 2082 2102 1642 7082 2890 5679 6823 1655 2870 4376 1187 3446 3357 5695 2599 0 7293 2899
8416 3700 3953 3692 8715 6891 6771 629 9523 1974 1772 7490 5853 3917 7820 4781 4506 2998 9232 7293 0 9532
3030 6274 6945 7292 2399 4341 3881 9321 1645 7918 9062 3894 5109 6615 2286 5685 5596 7934 1994 2899 9532 0
