25
24
0 4599 6970 1844 7371 7423 4264 5889 4248 1015 6953 2258 2547 1727 8519 2761 3346 4996 5611 8476 1853 3922 3035 5706 4866
4599 0 10987 3877 11388 11440 1461 9906 2121 5032 10970 3023 6564 3294 12536 3154 2431 1305 9628 12493 5870 7939 7052 9723 8883
6970 10987 0 8232 1453 1505 10652 1659 10636 6415 1337 8646 5051 8115 2601 9149 9734 11384 3135 2558 6325 3302 4395 3012 3322
1844 3877 8232 0 8633 8685 3542 7151 3526 2277 8215 1536 3809 1005 9781 2039 2624 4274 6873 9738 3115 5184 4297 6968 6128
7371 11388 1453 8633 0 520 11053 2060 11037 6816 1738 9047 5452 8516 1616 9550 10135 11785 3536 1573 6726 3703 4796 3413 3723
7423 11440 1505 8685 520 0 11105 2112 11089 6868 1790 9099 5504 8568 1404 9602 10187 11837 3588 1361 6778 3755 4848 3465 3775
4264 1461 10652 3542 11053 11105 0 9571 1786 4697 10635 2688 6229 2959 12201 2819 2096 1858 9293 12158 5535 7604 6717 9388 8548
5889 9906 1659 7151 2060 2112 9571 0 9555 5334 1642 7565 3970 7034 3208 8068 8653 10303 2054 3165 5244 2221 3314 1931 2241
4248 2121 10636 3526 11037 11089 1786 9555 0 4681 10619 2672 6213 2943 12185 2803 2080 2518 9277 12142 5519 7588 6701 9372 8532
1015 5032 6415 2277 6816 6868 4697 5334 4681 0 6398 2691 1992 2160 7964 3194 3779 5429 5056 7921 1298 3367 2480 5151 4311
6953 10970 1337 8215 1738 1790 10635 1642 10619 6398 0 8629 5034 8098 2886 9132 9717 11367 3118 2843 6308 3285 4378 2995 3305
2258 3023 8646 1536 9047 9099 2688 7565 2672 2691 8629 0 4223 953 10195 1185 1770 3420 7287 10152 3529 5598 4711 7382 6542
2547 6564 5051 3809 5452 5504 6229 3970 6213 1992 5034 4223 0 3692 6600 4726 5311 6961 3692 6557 1902 2003 1116 3787 2947
1727 3294 8115 1005 8516 8568 2959 7034 2943 2160 8098 953 3692 0 9664 1456 2041 3691 6756 9621 2998 5067 4180 6851 6011
8519 12536 2601 9781 1616 1404 12201 3208 12185 7964 2886 10195 6600 9664 0 10698 11283 12933 4684 665 7874 4851 5944 4561 4871
2761 3154 9149 2039 9550 9602 2819 8068 2803 3194 9132 1185 4726 1456 10698 0 1901 3551 7790 10655 4032 6101 5214 7885 7045
3346 2431 9734 2624 10135 10187 2096 8653 2080 3779 9717 1770 5311 2041 11283 1901 0 2828 8375 11240 4617 6686 5799 8470 7630
4996 1305 11384 4274 11785 11837 1858 10303 2518 5429 11367 3420 6961 3691 12933 3551 2828 0 10025 12890 6267 8336 7449 10120 9280
5611 9628 3135 6873 3536 3588 9293 2054 9277 5056 3118 7287 3692 6756 4684 7790 8375 10025 0 4641 4966 1943 3036 1871 1963
8476 12493 2558 9738 1573 1361 12158 3165 12142 7921 2843 10152 6557 9621 665 10655 11240 12890 4641 0 7831 4808 5901 4518 4828
1853 5870 6325 3115 6726 6778 5535 5244 5519 1298 6308 3529 1902 2998 7874 4032 4617 6267 4966 7831 0 3277 2390 5061 4221
3922 7939 3302 5184 3703 3755 7604 2221 7588 3367 3285 5598 2003 5067 4851 6101 6686 8336 1943 4808 3277 0 1347 2038 1198
3035 7052 4395 4297 4796 4848 6717 3314 6701 2480 4378 4711 1116 4180 5944 5214 5799 7449 3036 5901 2390 1347 0 3131 2291
5706 9723 3012 6968 3413 3465 9388 1931 9372 5151 2995 7382 3787 6851 4561 7885 8470 10120 1871 4518 5061 2038 3131 0 2058
4866 8883 3322 6128 3723 3775 8548 2241 8532 4311 3305 6542 2947 6011 4871 7045 7630 9280 1963 4828 4221 1198 2291 2058 0
